http://hq.sinajs.cn/list=sh600370,sh600371,sh600372,sh600373,sh600375,sh600376,sh600377,sh600378,sh600379,sh600380,sh600382,sh600383,sh600386,sh600387,sh600388,sh600389,sh600390,sh600391,sh600392,sh600393,sh600395,sh600396,sh600397,sh600398,sh600399,sh600400,sh600401,sh600403,sh600405,sh600406,sh600408,sh600409,sh600410,sh600415,sh600416,sh600418,sh600419,sh600420,sh600421,sh600422,sh600423,sh600425,sh600426,sh600428,sh600429,sh600432,sh600433,sh600435,sh600436,sh600438,sh600439,sh600444,sh600446,sh600448,sh600449,sh600452,sh600455,sh600456,sh600458,sh600459

var hq_str_sh600370="三房巷,7.59,7.60,7.66,7.70,7.54,7.65,7.67,3878789,29564156,12000,7.65,54200,7.64,14800,7.63,1200,7.62,31300,7.61,27400,7.67,41300,7.68,21400,7.69,45182,7.70,6000,7.71,2014-11-21,15:03:04,00";
var hq_str_sh600371="万向德农,12.98,12.95,13.00,13.09,12.84,13.00,13.01,5616172,72881854,1700,13.00,5900,12.99,54800,12.98,17400,12.97,11400,12.96,19700,13.01,14635,13.02,16000,13.03,53300,13.04,35500,13.05,2014-11-21,15:03:04,00";
var hq_str_sh600372="中航电子,25.35,25.28,25.76,25.80,25.25,25.75,25.76,6717435,171972099,32200,25.75,23200,25.74,23100,25.73,1300,25.72,6300,25.71,2900,25.76,9400,25.77,87545,25.78,33000,25.79,82851,25.80,2014-11-21,15:03:04,00";
var hq_str_sh600373="中文传媒,0.00,14.05,14.05,0.00,0.00,0.00,0.00,0,0,0,0.00,0,0.00,0,0.00,0,0.00,0,0.00,0,0.00,0,0.00,0,0.00,0,0.00,0,0.00,2014-11-21,15:03:04,03";
var hq_str_sh600375="华菱星马,12.51,12.50,12.62,12.66,12.35,12.62,12.63,11926657,148748588,51600,12.62,23100,12.61,34900,12.60,34000,12.59,4700,12.58,30025,12.63,70320,12.64,91500,12.65,41300,12.66,19600,12.67,2014-11-21,15:03:04,00";
var hq_str_sh600376="首开股份,5.84,5.83,5.90,5.92,5.81,5.90,5.91,30191101,176772861,84089,5.90,146000,5.89,81600,5.88,51200,5.87,104300,5.86,274782,5.91,405000,5.92,216950,5.93,65680,5.94,171900,5.95,2014-11-21,15:03:04,00";
var hq_str_sh600377="宁沪高速,6.11,6.10,6.14,6.14,6.06,6.13,6.14,6749668,41161449,28300,6.13,260873,6.12,125552,6.11,145005,6.10,196821,6.09,55400,6.14,222600,6.15,191400,6.16,101600,6.17,729400,6.18,2014-11-21,15:03:04,00";
var hq_str_sh600378="天科股份,14.81,14.86,14.75,14.83,14.61,14.74,14.75,2578033,37919946,7458,14.74,48058,14.73,800,14.72,5992,14.71,2400,14.70,1300,14.75,3600,14.76,8100,14.77,10900,14.78,11800,14.79,2014-11-21,15:03:04,00";
var hq_str_sh600379="宝光股份,0.00,9.51,9.51,0.00,0.00,0.00,0.00,0,0,0,0.00,0,0.00,0,0.00,0,0.00,0,0.00,0,0.00,0,0.00,0,0.00,0,0.00,0,0.00,2014-11-21,15:03:04,03";
var hq_str_sh600380="健康元,7.03,7.04,7.15,7.18,6.97,7.14,7.15,20699420,147043797,61800,7.14,36900,7.13,50800,7.12,22500,7.11,144100,7.10,52049,7.15,376909,7.16,341611,7.17,582548,7.18,224120,7.19,2014-11-21,15:03:04,00";
var hq_str_sh600382="广东明珠,12.39,12.36,12.44,12.45,12.33,12.44,12.45,6590080,81615528,65791,12.44,54462,12.43,44900,12.42,11000,12.41,22700,12.40,153367,12.45,73800,12.46,29300,12.47,72100,12.48,14900,12.49,2014-11-21,15:03:04,00";
var hq_str_sh600383="金地集团,7.87,7.86,7.93,7.99,7.80,7.93,7.95,13902423,109814729,28400,7.93,95911,7.92,53179,7.91,54700,7.90,61000,7.89,51600,7.95,6479,7.96,20200,7.97,213000,7.98,324274,7.99,2014-11-21,15:03:04,00";
var hq_str_sh600386="北巴传媒,11.72,11.69,12.52,12.75,11.72,12.52,12.53,20043478,246006718,13100,12.52,39149,12.51,41229,12.50,12200,12.49,25800,12.48,800,12.53,12800,12.54,18317,12.55,22200,12.56,2000,12.57,2014-11-21,15:03:04,00";
var hq_str_sh600387="海越股份,15.00,14.97,15.19,15.27,14.95,15.19,15.20,5049755,76591803,2200,15.19,17200,15.18,79700,15.17,9300,15.16,14400,15.15,11938,15.20,22800,15.21,16600,15.22,19600,15.23,53100,15.24,2014-11-21,15:03:04,00";
var hq_str_sh600388="龙净环保,26.62,26.66,26.91,26.98,26.56,26.88,26.89,7273545,194827743,2300,26.88,9600,26.87,18300,26.86,12700,26.85,11800,26.84,3701,26.89,197610,26.92,11400,26.93,14764,26.94,49100,26.95,2014-11-21,15:03:04,00";
var hq_str_sh600389="江山股份,29.59,29.36,29.91,29.92,29.32,29.90,29.91,1645396,48745923,27862,29.90,15200,29.89,12800,29.88,15900,29.86,18917,29.85,1200,29.91,8835,29.92,5300,29.93,10500,29.94,11334,29.95,2014-11-21,15:03:04,00";
var hq_str_sh600390="金瑞科技,14.27,14.27,14.41,14.48,14.22,14.40,14.41,9286109,133437874,54293,14.40,36400,14.39,12491,14.38,21400,14.37,6700,14.36,1600,14.41,25800,14.42,66700,14.43,51400,14.44,78050,14.45,2014-11-21,15:03:04,00";
var hq_str_sh600391="成发科技,23.52,23.56,23.41,23.66,23.18,23.40,23.41,6577489,154165157,35400,23.40,57000,23.39,14100,23.38,28600,23.37,17100,23.36,19300,23.41,14622,23.42,10500,23.43,4200,23.44,5500,23.45,2014-11-21,15:03:04,00";
var hq_str_sh600392="盛和资源,20.82,20.82,21.05,21.30,20.67,21.01,21.02,12407777,261072831,4280,21.01,8378,21.00,1300,20.99,8400,20.98,1322,20.97,800,21.02,1500,21.07,20474,21.08,38300,21.09,29500,21.10,2014-11-21,15:03:04,00";
var hq_str_sh600393="东华实业,7.94,8.09,8.53,8.60,7.89,8.50,8.54,25556222,212553976,600,8.50,20500,8.49,4100,8.48,116000,8.47,63700,8.46,4362,8.54,117300,8.55,36000,8.56,81100,8.57,39800,8.58,2014-11-21,15:03:04,00";
var hq_str_sh600395="盘江股份,8.65,8.72,8.84,8.88,8.63,8.85,8.86,28322779,248321144,17449,8.85,62500,8.84,130300,8.83,78700,8.82,116200,8.81,148950,8.86,140901,8.87,239610,8.88,140000,8.89,724941,8.90,2014-11-21,15:03:04,00";
var hq_str_sh600396="金山股份,0.00,4.98,4.98,0.00,0.00,0.00,0.00,0,0,0,0.00,0,0.00,0,0.00,0,0.00,0,0.00,0,0.00,0,0.00,0,0.00,0,0.00,0,0.00,2014-11-21,15:03:04,03";
var hq_str_sh600397="安源煤业,5.25,5.27,5.26,5.29,5.20,5.26,5.28,6078106,31838271,171592,5.26,52500,5.25,38600,5.24,54100,5.23,69300,5.22,77162,5.28,142000,5.29,123900,5.30,20300,5.31,32800,5.32,2014-11-21,15:03:04,00";
var hq_str_sh600398="海澜之家,10.83,10.90,10.92,11.05,10.81,10.93,10.94,4061555,44476040,1701,10.93,2000,10.92,11300,10.91,19800,10.90,10300,10.89,6300,10.94,9800,10.95,15800,10.96,9799,10.97,13799,10.98,2014-11-21,15:03:04,00";
var hq_str_sh600399="抚顺特钢,19.29,19.28,20.95,21.11,19.17,20.94,20.95,14362255,292677951,4900,20.94,1400,20.93,3900,20.92,75000,20.91,1100,20.90,5050,20.95,22300,20.96,9961,20.97,19900,20.98,17901,20.99,2014-11-21,15:03:04,00";
var hq_str_sh600400="红豆股份,6.14,6.11,6.11,6.15,6.06,6.10,6.11,6499717,39708703,103584,6.10,70600,6.09,81340,6.08,78300,6.07,191600,6.06,53300,6.11,195520,6.12,96101,6.13,172643,6.14,226780,6.15,2014-11-21,15:03:04,00";
var hq_str_sh600401="海润光伏,8.47,8.47,8.53,8.61,8.40,8.53,8.54,6159149,52520482,11572,8.53,34500,8.52,23600,8.51,62100,8.50,8500,8.49,41600,8.54,29100,8.55,64693,8.56,112982,8.57,176900,8.58,2014-11-21,15:03:04,00";
var hq_str_sh600403="大有能源,6.36,6.35,6.37,6.38,6.31,6.37,6.38,5642991,35810391,7164,6.37,27300,6.36,30600,6.35,45100,6.34,11000,6.33,123200,6.38,115000,6.39,107800,6.40,102700,6.41,154500,6.42,2014-11-21,15:03:04,00";
var hq_str_sh600405="动力源,11.72,11.79,11.78,11.79,11.65,11.77,11.78,8791528,103006074,35460,11.77,41686,11.76,62894,11.75,67100,11.74,26100,11.73,2800,11.78,150833,11.79,213160,11.80,49400,11.81,50000,11.82,2014-11-21,15:03:04,00";
var hq_str_sh600406="国电南瑞,15.40,15.42,15.63,15.72,15.30,15.64,15.65,27076898,422309063,28900,15.64,17000,15.63,23900,15.62,44500,15.61,63156,15.60,300,15.65,9268,15.66,23500,15.67,76170,15.68,254569,15.69,2014-11-21,15:03:04,00";
var hq_str_sh600408="安泰集团,3.48,3.47,3.50,3.51,3.42,3.50,3.51,12805693,44416572,185970,3.50,388399,3.49,268200,3.48,139959,3.47,134747,3.46,405700,3.51,483824,3.52,176231,3.53,224700,3.54,359300,3.55,2014-11-21,15:03:04,00";
var hq_str_sh600409="三友化工,6.17,6.12,6.25,6.27,6.13,6.24,6.25,24255603,151232589,53747,6.24,93600,6.23,193600,6.22,102797,6.21,142600,6.20,800,6.25,478100,6.26,636900,6.27,413950,6.28,307100,6.29,2014-11-21,15:03:04,00";
var hq_str_sh600410="华胜天成,24.12,24.22,24.26,25.40,24.00,24.22,24.24,38803266,958033503,34600,24.22,1500,24.21,43100,24.20,5800,24.19,29880,24.18,10000,24.24,900,24.25,10300,24.27,16570,24.28,28271,24.29,2014-11-21,15:03:04,00";
var hq_str_sh600415="小商品城,7.60,7.64,8.40,8.40,7.54,8.40,0.00,100994479,821646085,50937122,8.40,91400,8.39,2700,8.38,3600,8.37,2000,8.36,0,0.00,0,0.00,0,0.00,0,0.00,0,0.00,2014-11-21,15:03:04,00";
var hq_str_sh600416="湘电股份,11.10,11.00,11.20,11.22,11.01,11.19,11.20,4674022,52080144,4200,11.19,11376,11.18,24000,11.17,25200,11.16,17164,11.15,91500,11.20,74300,11.21,67300,11.22,96000,11.23,205700,11.24,2014-11-21,15:03:04,00";
var hq_str_sh600418="江淮汽车,11.11,11.16,11.17,11.20,11.11,11.17,11.18,11056576,123239996,79600,11.17,93600,11.16,106800,11.15,217953,11.14,208100,11.13,101350,11.18,120900,11.19,162700,11.20,55100,11.21,123900,11.22,2014-11-21,15:03:04,00";
var hq_str_sh600419="天润乳业,21.83,21.83,22.58,22.75,21.78,22.56,22.57,1644561,36668588,3500,22.56,2152,22.55,200,22.54,2300,22.52,1000,22.51,4473,22.57,2700,22.59,10000,22.60,33500,22.62,1000,22.65,2014-11-21,15:03:04,00";
var hq_str_sh600420="现代制药,24.24,24.20,24.05,24.27,23.80,24.02,24.05,2207933,52988979,5700,24.02,3400,24.01,2900,24.00,100,23.99,700,23.98,1400,24.05,4000,24.06,29500,24.07,3700,24.08,3800,24.09,2014-11-21,15:03:04,00";
var hq_str_sh600421="仰帆控股,0.00,7.89,7.89,0.00,0.00,0.00,0.00,0,0,0,0.00,0,0.00,0,0.00,0,0.00,0,0.00,0,0.00,0,0.00,0,0.00,0,0.00,0,0.00,2014-11-21,15:03:04,03";
var hq_str_sh600422="昆明制药,0.00,27.17,27.17,0.00,0.00,0.00,0.00,0,0,0,0.00,0,0.00,0,0.00,0,0.00,0,0.00,0,0.00,0,0.00,0,0.00,0,0.00,0,0.00,2014-11-21,15:03:04,03";
var hq_str_sh600423="柳化股份,5.88,5.85,5.84,5.95,5.81,5.84,5.85,3327962,19548695,38200,5.84,11400,5.83,24721,5.82,79381,5.81,77200,5.80,203400,5.85,2600,5.86,12300,5.87,50289,5.88,33100,5.89,2014-11-21,15:03:04,00";
var hq_str_sh600425="青松建化,6.37,6.40,6.33,6.41,6.28,6.32,6.33,17742519,112164971,217500,6.32,110400,6.31,148500,6.30,241900,6.29,427819,6.28,17100,6.33,526113,6.34,284000,6.35,18600,6.36,151100,6.37,2014-11-21,15:03:04,00";
var hq_str_sh600426="华鲁恒升,9.30,9.31,9.41,9.46,9.27,9.40,9.42,17661921,165554092,14200,9.40,112400,9.39,206800,9.38,28300,9.37,50600,9.36,39221,9.42,77212,9.43,156200,9.44,218906,9.45,224900,9.46,2014-11-21,15:03:04,00";
var hq_str_sh600428="中远航运,4.94,4.94,5.02,5.05,4.90,5.02,5.03,28337103,141006639,75200,5.02,307110,5.01,129400,5.00,101600,4.99,86500,4.98,320000,5.03,146021,5.04,311275,5.05,298990,5.06,77500,5.07,2014-11-21,15:03:04,00";
var hq_str_sh600429="三元股份,8.38,8.40,8.43,8.46,8.25,8.42,8.43,8837104,73693103,50000,8.42,12300,8.41,47455,8.40,40651,8.39,16183,8.38,21000,8.43,36500,8.44,50200,8.45,26800,8.46,13505,8.47,2014-11-21,15:03:04,00";
var hq_str_sh600432="吉恩镍业,14.14,14.23,14.51,14.77,14.14,14.49,14.50,15699625,227999875,9977,14.49,22200,14.48,22300,14.47,25100,14.46,36580,14.45,22605,14.50,5800,14.51,2100,14.52,16400,14.53,6523,14.54,2014-11-21,15:03:04,00";
var hq_str_sh600433="冠豪高新,12.14,12.16,12.24,12.24,12.05,12.24,12.25,10970462,133223974,14799,12.24,2600,12.23,45400,12.22,21800,12.21,4300,12.20,72200,12.25,35800,12.26,14000,12.27,88300,12.28,12800,12.29,2014-11-21,15:03:04,00";
var hq_str_sh600435="北方导航,25.08,25.20,25.28,25.48,25.05,25.27,25.29,9079521,229338550,24710,25.27,11299,25.26,39100,25.25,2300,25.24,11799,25.23,35201,25.29,85797,25.30,35600,25.31,50800,25.32,21150,25.33,2014-11-21,15:03:04,00";
var hq_str_sh600436="片仔癀,87.07,86.68,87.09,87.11,86.21,87.06,87.10,1185342,103032898,400,87.06,200,87.05,3800,87.03,500,86.99,5300,86.98,917,87.10,1100,87.11,300,87.14,700,87.15,700,87.17,2014-11-21,15:03:04,00";
var hq_str_sh600438="通威股份,9.51,9.48,9.50,9.58,9.45,9.50,9.51,4262862,40521571,6111,9.50,71700,9.49,105500,9.48,20296,9.46,30802,9.45,46700,9.51,30500,9.52,21700,9.53,21400,9.54,55500,9.55,2014-11-21,15:03:04,00";
var hq_str_sh600439="瑞贝卡,4.70,4.69,4.73,4.76,4.69,4.73,4.74,13590804,64123138,28188,4.73,56015,4.72,182995,4.71,365698,4.70,245299,4.69,265540,4.74,190940,4.75,114620,4.76,159500,4.77,211200,4.78,2014-11-21,15:03:04,00";
var hq_str_sh600444="国通管业,16.56,16.56,16.86,17.02,16.48,16.82,16.86,1484775,24929818,6900,16.82,1000,16.81,7800,16.80,300,16.79,4000,16.78,10700,16.86,37400,16.87,10900,16.88,8900,16.89,42100,16.90,2014-11-21,15:03:04,00";
var hq_str_sh600446="金证股份,47.81,47.77,50.89,50.99,47.40,50.90,50.95,4648181,228084656,11600,50.90,200,50.85,1300,50.81,16100,50.80,600,50.76,2700,50.95,6492,50.96,1700,50.97,9500,50.98,41100,50.99,2014-11-21,15:03:04,00";
var hq_str_sh600448="华纺股份,5.76,5.79,5.80,5.85,5.71,5.79,5.80,6061741,35069327,46700,5.79,25567,5.78,22600,5.77,3100,5.76,26600,5.75,2700,5.80,74800,5.81,44700,5.82,31910,5.83,39271,5.84,2014-11-21,15:03:04,00";
var hq_str_sh600449="宁夏建材,10.30,10.35,10.44,10.48,10.21,10.43,10.44,9982828,103691765,24281,10.43,22100,10.42,25800,10.41,22800,10.40,3000,10.39,70300,10.44,137506,10.45,74900,10.46,53600,10.47,73715,10.48,2014-11-21,15:03:04,00";
var hq_str_sh600452="涪陵电力,15.26,15.49,15.76,15.98,15.26,15.75,15.78,4128213,64831724,43000,15.75,100,15.73,16000,15.72,5400,15.71,132800,15.70,11900,15.78,5900,15.79,18490,15.80,12500,15.82,44600,15.85,2014-11-21,15:03:04,00";
var hq_str_sh600455="博通股份,0.00,22.96,22.96,0.00,0.00,0.00,0.00,0,0,0,0.00,0,0.00,0,0.00,0,0.00,0,0.00,0,0.00,0,0.00,0,0.00,0,0.00,0,0.00,2014-11-21,15:03:04,03";
var hq_str_sh600456="宝钛股份,17.19,17.28,17.75,17.78,17.19,17.73,17.75,6480655,113830765,11000,17.73,21499,17.72,4800,17.70,15600,17.69,200,17.68,17600,17.75,2900,17.76,8500,17.77,11500,17.78,31600,17.79,2014-11-21,15:03:04,00";
var hq_str_sh600458="时代新材,0.00,12.18,12.18,0.00,0.00,0.00,0.00,0,0,0,0.00,0,0.00,0,0.00,0,0.00,0,0.00,0,0.00,0,0.00,0,0.00,0,0.00,0,0.00,2014-11-21,15:03:04,03";
var hq_str_sh600459="贵研铂业,17.53,17.56,17.66,17.75,17.49,17.66,17.67,3108103,54864943,2515,17.66,4111,17.65,2000,17.64,1000,17.63,4600,17.62,35663,17.67,36900,17.68,18700,17.69,19700,17.70,14400,17.71,2014-11-21,15:03:04,00";

